No.iter_nonlin | No.iter_lin | norm2 | norm_max | res
1 1 0 1e-20 0
30 4 4.17984e-06 2.40891e-05 0.173516
60 4 2.10785e-06 1.15714e-05 0.182161
90 4 1.12307e-06 6.14148e-06 0.182866
120 4 6.04506e-07 3.29605e-06 0.183403
150 4 3.26919e-07 1.77979e-06 0.183684
180 4 1.77215e-07 9.63739e-07 0.183883
210 4 9.61942e-08 5.22844e-07 0.183983
240 4 5.22422e-08 2.83862e-07 0.184041
270 4 2.838e-08 1.54179e-07 0.184072
300 4 1.54238e-08 8.37847e-08 0.184088
330 4 8.38224e-09 4.55283e-08 0.184111
360 4 4.55569e-09 2.47441e-08 0.184112
390 4 2.47646e-09 1.34508e-08 0.184112
420 4 1.34608e-09 7.3107e-09 0.184125
450 4 7.31666e-10 3.97394e-09 0.184116
