No.iter_nonlin | No.iter_lin | norm2 | norm_max | res
1 4 0.0123304 0.030176 0.408615
30 4 0.0011717 0.00179415 0.653065
60 4 0.00059226 0.000920832 0.643179
90 4 0.000310221 0.000486226 0.638018
120 4 0.000165377 0.000260327 0.635269
150 4 8.8963e-05 0.000140368 0.633785
180 4 4.80733e-05 7.59487e-05 0.632971
210 4 2.60512e-05 4.11851e-05 0.632539
240 4 1.41341e-05 2.23539e-05 0.632287
270 4 7.67426e-06 1.21398e-05 0.632155
300 4 4.16931e-06 6.59613e-06 0.632084
330 4 2.26536e-06 3.58425e-06 0.632032
360 4 1.23101e-06 1.94778e-06 0.632006
390 4 6.69066e-07 1.05867e-06 0.631986
420 4 3.63665e-07 5.75447e-07 0.63197
450 4 1.97654e-07 3.12763e-07 0.631961
