No.iter_nonlin | No.iter_lin | norm2 | norm_max | res
1 199 0.00553176 0.0100551 0.550145
30 199 0.00181257 0.00183824 0.986038
60 199 0.000966605 0.000980153 0.986178
90 199 0.00052022 0.000527514 0.986174
120 199 0.000281288 0.000285233 0.986171
150 199 0.000152456 0.000154594 0.98617
180 199 8.27367e-05 8.38971e-05 0.986169
210 199 4.49322e-05 4.55624e-05 0.986168
240 199 2.44106e-05 2.4753e-05 0.986168
270 199 1.32649e-05 1.34509e-05 0.986168
300 199 7.20916e-06 7.31027e-06 0.986168
330 199 3.91835e-06 3.97331e-06 0.986167
360 199 2.12989e-06 2.15977e-06 0.986168
390 199 1.15778e-06 1.17402e-06 0.986168
420 199 6.2938e-07 6.38208e-07 0.986168
450 199 3.4215e-07 3.46949e-07 0.986168
